sample_id	subject_id	shannon_diversity	species_richness	total_reads_MIDAS	total_reads_orig	total_avg_marker_coverage	total_med_marker_coverage
700014562	158458797	2.36193506006	103	95963	91687196	914.279540294	880.371906732
700014724	158479027	2.73934894072	134	302837	222847200	2906.67567919	2906.16686937
700014837	158499257	3.10927233435	211	106117	113435704	1013.90113638	1059.71287115
700015181	158742018	2.49690559777	144	245090	165815450	2462.71395492	2343.75002824
700015250	158802708	2.24218469768	199	345980	243730350	3386.62750657	3460.79772817
700015415	158944319	1.77167951077	178	171789	121158898	1624.4196299	1630.95754999
700015981	159247771	2.31100101876	103	137509	122041434	1313.17629593	1269.12479629
700016142	159146620	2.30024521301	90	85116	70291266	853.592949326	983.632362054
700016610	159166850	2.35047976754	170	189104	144113050	1806.23501465	1927.93353554
700033153	159733294	2.91877983624	162	162666	147471226	1551.69770634	1556.8948591
700013715	158337416	3.22410334079	245	119520	107539928	1109.41665208	1118.92981483
700014954	158822939	3.10093337966	180	81377	83351784	840.605481513	824.005213279
700015113	158883629	1.21998459399	84	244975	144354610	2408.61840808	2301.02295379
700015702	158984779	2.95487663659	287	297970	169317812	2898.08082238	2805.21625282
700015857	159369152	1.66361660757	117	155367	110927756	1481.94159766	1434.83053793
700015922	159591683	1.23686694786	72	133480	100467470	1226.06124618	1356.95011573
700016210	159328691	2.5315485036	65	17581	11004040	176.594209055	187.085022961
700016456	159207311	2.63649241181	117	93969	89836098	875.246579863	913.224657092
700016542	159227541	1.83239928323	160	214519	147308582	2082.46789019	2161.00054334
700016716	159288231	2.89970919142	342	344540	241337984	3369.27098067	3292.96414749
700016765	159268001	2.45931700553	144	133832	109474518	1279.1476382	1306.42145664
700016960	159571453	3.02814294474	120	140184	100909172	1322.30609001	1337.86506675
700021295	763516763	3.23436201773	154	53899	39686580	544.364560168	550.78812916
700021306	763496533	3.25726357247	185	111738	122459386	1059.07576411	1127.26345071
700021361	763557224	2.37366816314	138	74934	60613946	754.630938048	742.388004155
700021824	763678604	3.14004026791	134	117721	95218906	1155.50005867	1137.60482921
700021876	763536994	3.09154122603	118	55800	77658320	530.107338474	515.421756255
700021902	763820215	1.81221283205	140	287911	165781570	2815.3844774	2885.60116701
700023066	763698834	2.39364458095	167	59315	44201454	601.348161659	591.033464309
700023113	763577454	3.2583805955	136	108712	81892194	1036.74328596	1099.63441738
700023188	763638144	2.1840938027	79	27157	20070826	275.575243284	298.423379813
700023267	763840445	2.69469639546	107	131254	105745326	1299.39980083	1380.85784627
700023337	763961826	2.68516693666	152	137210	84925536	1354.03213281	1333.0816649
700023390	763719065	1.65508124452	160	80820	55638090	805.640109841	794.01038317
700023509	764002286	2.90173050634	125	76766	60247522	755.077080021	776.619244362
700023578	763860675	3.15906441123	205	93174	100458988	885.02513776	903.42489543
700023603	763880905	3.16973137299	190	53438	41293862	537.359879034	537.727679163
700023634	764062976	2.44501332251	164	130669	141505814	1247.56126795	1311.34286711
700023720	763577454	3.25983630353	253	191277	141870068	1861.59380901	1946.28589979
700023788	763901136	3.05479531332	141	93519	100041732	875.61150984	969.372620966
700023845	763759525	2.03381254512	109	164970	119027476	1561.77728197	1382.78057543
700023872	764143897	3.08552446831	241	127541	134576816	1228.42431187	1195.25464136
700023919	763982056	2.59457165039	185	157540	106253214	1568.78099173	1517.31265353
700024024	764042746	2.16931376543	130	154789	103403590	1477.7232884	1391.95003915
700024086	764083206	2.75590412981	204	528481	404679336	5353.53584276	5263.47182543
700024141	764245047	1.55444461701	86	84697	55036286	852.389368228	864.009782788
700024233	764285508	2.46093451653	180	180000	114850796	1732.10527377	1644.63209637
700024234	764346198	3.14222235975	141	59299	44396888	610.785346572	601.652020127
700024318	764487809	3.07963601308	160	134684	107715808	1306.57778975	1425.32039505
700024349	764467579	2.88761658267	149	61105	48014148	629.773413458	633.31549206
700024437	764224817	3.30163283876	167	126372	102218328	1223.02492085	1216.2493115
700024449	763435843	2.60682413816	189	281343	183971936	2789.70868767	2929.55707613
700024509	764002286	2.82736109744	139	102633	93747862	950.808685371	940.533822713
700024545	764305738	2.32408772962	193	367859	322429192	3814.28402894	4267.47073532
700024615	764325968	2.92517486672	113	132125	91656634	1284.87638114	1264.69762939
700024673	764447348	2.73469421793	102	137710	82996998	1392.70978742	1471.09902866
700024711	764508039	2.14381388468	106	161320	89651910	1631.8943265	1615.98681712
700024752	764588959	2.8286508238	147	84503	106857990	811.116685792	802.466485981
700024789	764366428	2.50411217566	135	82833	47973304	863.445335461	840.143971105
700024866	764649650	2.85525817196	91	38368	29068836	384.204592056	379.535696909
700024930	764669880	2.18427926684	104	142219	96765904	1338.66201769	1315.40420475
700024998	765074482	3.2903985423	149	83431	117676550	800.41249391	817.796701557
700032068	159672603	2.63966721951	62	14797	12833946	153.233614555	141.509873355
700032133	159429842	2.01620062797	236	396366	241961552	4185.64120632	3904.8643152
700032222	159753524	1.62441527503	180	337772	242585366	3120.49479824	3245.12773629
700032413	160036745	2.5945806049	76	12806	10374182	129.089811399	116.277527658
700032944	160421117	1.875406417	99	180575	102270690	1729.33036516	1689.44820193
700033201	159308461	2.40343606084	63	14945	12903434	153.572439697	131.783206523
700033363	159450072	2.3038823791	75	15566	10203626	161.166618475	136.822401291
700033435	159611913	2.85552745283	108	170471	109482908	1606.26221551	1620.10454163
700033502	159490532	2.10530374957	114	213723	120578646	2047.53069669	2011.62369527
700033665	159551223	2.84243948909	135	195207	109314722	1899.97811316	1897.44927461
700033797	159814214	2.12208686296	104	140990	100851654	1367.36672203	1369.01079165
700033922	159510762	2.08072280175	97	142298	99330318	1372.66890663	1378.32384054
700033989	159632143	1.74838524922	114	198605	119792762	1916.48405311	1967.75291935
700034081	160481808	2.15569647354	84	19939	10201720	199.647451527	171.568321492
700034166	160319967	2.7865843588	130	147450	105600608	1473.51216913	1590.30010862
700034254	160502038	3.06178326433	195	160158	102370846	1543.10766853	1480.0495641
700034622	160461578	2.00512681483	62	15242	11569026	160.38358174	146.859616312
700034794	160582958	2.47410440228	114	130809	91182430	1279.34976783	1234.9715944
700034838	160542498	2.63353087131	54	20945	11773620	214.020487582	189.403942829
700034926	160603188	2.77819189582	133	120285	86218246	1164.56041822	1171.02659321
700035157	160441347	2.15847519568	108	71744	43789926	740.289041845	686.670321736
700035237	158357646	2.59105358453	201	69077	91218696	691.803657688	649.530810944
700035373	160056975	1.60298335904	70	57958	38796464	578.39066176	576.905203623
700035533	160158126	2.31232091733	102	178971	109424270	1821.36636709	1934.58548393
700035747	160380657	1.79604467936	159	139641	108881054	1295.84173018	1320.50371742
700035785	160178356	2.87232847091	130	150411	99120690	1411.23989206	1484.48582323
700035861	160218816	2.8391252668	155	135892	95602320	1320.59442371	1257.22786215
700037008	764710340	2.888482641	166	45038	40158916	478.839931088	454.757415516
700037042	765094712	2.4227827184	193	225249	181341408	2188.60538313	2364.26777626
700037090	765155402	2.96489712659	157	81742	64465092	832.761648951	850.829951935
700037123	765013792	2.37525193718	199	110949	91470694	1074.69903858	1144.65032088
700037284	765135172	2.58621223775	104	137416	102254594	1274.736987	1309.49404342
700037303	765256553	3.11185601837	187	65707	49925632	676.951867586	673.176811007
700037357	765216093	1.96072890086	110	80370	51151988	810.579516009	846.00268834
700037405	765276783	2.55525750359	126	70383	42282828	712.641683692	687.805291167
700037453	764305738	2.62703906828	154	414327	332480972	4277.05901932	4630.28632085
700037501	763961826	2.73610500069	160	225478	133133976	2218.6512468	2229.80792849
700037539	764083206	3.07680828133	254	415145	347108546	4201.542526	4138.59250079
700037632	763496533	3.17708598579	120	114159	92979070	1096.37835967	1119.55289102
700037649	765398164	2.07678064792	104	74007	46911382	752.296880366	778.268689746
700037738	765034022	1.82561690128	132	166600	118145068	1613.70245294	1488.56559516
700037757	765377934	2.50624152322	111	34912	53551438	371.565203937	368.812283311
700037852	765337473	2.42562839892	126	130141	98392320	1335.44543164	1293.07083704
700037868	765560005	2.58065884274	200	240721	163329418	2341.79825456	2362.02397247
700037916	765519544	3.28484176533	145	69506	62187712	716.123775835	714.444051391
700037967	765317243	2.35147809482	116	58577	49156880	626.918711271	581.280614206
700038053	763597684	3.1332080584	139	93547	80682806	927.436404164	941.132577052
700038072	765620695	2.7906273636	189	230134	177544464	2184.90364779	2224.75883947
700038158	763678604	2.9952855156	145	119224	99612972	1131.52000393	1113.07593775
700038167	765539774	2.30456317322	116	71051	46763320	756.657232244	723.208744253
700038263	764669880	2.54898071221	101	137067	102533552	1260.11396807	1277.35646689
700038284	765661155	2.83207355879	128	30484	27653116	311.517274204	302.237090459
700038386	764892411	2.62727383728	130	73505	55042664	628.26574546	577.126909697
700095213	160643649	2.65230183284	133	166338	98570212	1568.48448061	1591.04902272
700095486	160400887	3.15695501682	161	136765	114746216	1344.03298614	1353.94760082
700095524	160663879	2.72667541911	93	18366	11635766	193.936367327	174.530521529
700095647	160704339	3.15179951432	188	120182	94256078	1127.9473857	1172.7336103
700095717	160684109	2.64158902471	107	64531	43909160	660.262685958	631.985110785
700095831	160845950	2.04563078666	53	15364	10294240	159.26675397	143.435110616
700096047	160947100	1.91511499994	133	147082	97475682	1498.4446324	1438.0484952
700096380	160765029	2.56210383247	159	93966	91265440	896.391594041	892.547608203
700096700	161007791	1.57778355956	114	86387	77121352	881.763787199	830.642484892
700096865	161230322	2.28567909042	147	205578	125189274	2126.39052929	2016.67910794
700097196	158479027	2.64889372225	103	201045	116962438	2023.43294987	1954.63288577
700097688	158256496	3.00621970098	161	125849	96189336	1261.31889934	1242.94094022
700097837	158337416	2.91653870647	119	134709	97288548	1324.20398056	1343.22931834
700097906	638754422	2.48447328436	145	156346	111245614	1579.79985388	1553.442132
700098429	809635352	3.03122636379	102	26265	20745022	274.614237285	250.669969796
700098561	158499257	2.52337347001	172	148690	114463834	1402.7064524	1446.27454668
700098669	370425937	2.10014920143	135	94036	87554746	943.652491093	999.283973927
700099512	246515023	1.75272404115	86	97733	82093444	968.052747985	1057.48020308
700099803	158802708	2.88272708162	149	152168	106255184	1481.51946083	1526.1547187
700099886	159005010	2.58519021401	99	137886	90568444	1369.44764888	1392.00657696
700100022	158721788	3.388493737	154	78546	49354938	799.669406476	742.29038914
700100227	158883629	1.59753353718	93	214705	162428632	2036.0064849	2000.49297837
700100312	159268001	2.61759491313	123	105208	116451834	1005.31175428	983.147983998
700100432	159369152	1.87573078879	97	167687	117401478	1607.90753431	1578.71721106
700100471	159247771	2.30210897956	97	142151	101965786	1434.93568282	1373.94739378
700100540	159510762	2.35464487505	107	174521	148428726	1681.20162276	1676.39739873
700100600	159207311	2.89518322419	152	131594	99083824	1256.78489286	1260.60925872
700101243	158944319	2.45073542729	140	102464	70203290	958.230516685	1035.07008198
700101366	159551223	2.80189951515	133	162143	103111950	1533.27931998	1548.71958269
700101534	159713063	2.0778447111	88	169680	119684324	1640.64156909	1665.53464733
700101581	159571453	3.00495468339	124	114242	109147520	1091.59796839	1112.2235252
700101638	159389382	2.94930215668	134	68591	41667168	714.381913411	661.13663204
700101840	159591683	1.82296791381	89	132586	89996448	1218.07565952	1296.15366576
700101916	159611913	2.55137824989	105	144591	97254716	1341.81935137	1327.34462904
700102043	368533040	1.91773804988	143	144657	98102758	1440.66056757	1618.24738523
700106646	763982056	2.37836157881	184	154516	107313402	1556.32110533	1552.84835103
700106876	764811490	2.23820677185	168	173455	108392140	1735.40275647	1648.97281439
700109231	638754422	2.44267293754	116	159276	115951088	1574.83004912	1575.40957432
700105771	764447348	2.0888181369	195	118670	94376534	1096.53083397	1120.1697729
700103477	763860675	3.19609301374	204	171341	136837564	1695.09607752	1714.5604061
700106325	550534656	2.47295927001	127	194887	155712944	1850.03971355	1941.65700412
700108218	160704339	2.79856866606	116	52579	39055038	534.561938308	502.723853481
700106836	764143897	2.81627787761	126	224664	154233066	2232.63081796	2216.34223762
700103710	763759525	2.71977070607	118	101043	68110782	1021.85902293	984.044131475
700102659	840279516	1.58269411463	135	152699	92055860	1512.19997124	1682.58917168
700107059	159814214	2.15380435549	149	167045	110978742	1583.68800649	1588.27075238
700105049	178713055	3.20323435727	221	82159	69782138	837.345257112	811.905570959
700106412	517810313	2.5765299128	152	58683	36383104	615.118731732	627.258490533
700106694	764224817	1.53578808672	137	235927	133472890	2317.65183722	2420.65285361
700103558	863126187	2.34206267687	198	135084	81671788	1378.93630488	1461.65666101
700108840	160603188	2.9130328866	184	131681	104219988	1311.9327056	1368.16508166
700102299	604812005	2.69660885149	159	200525	125470422	2075.97909318	1988.73467974
700105940	658594300	2.22240992093	184	88539	58512450	914.994530217	954.45649215
700038546	763880905	2.50858599755	127	76365	58740852	789.301636062	764.077174096
700107398	159753524	2.71678136917	284	410522	297805500	4050.38079603	3978.97083334
700110419	604812005	2.73853653704	146	158536	106425244	1628.02527166	1596.7285238
700038594	404239096	2.83637754206	319	271782	186797784	2611.98319918	2714.61527018
700108161	160421117	2.21133352376	160	188732	113036218	1909.548284	1867.40212148
700105613	953045535	3.09367878709	156	89715	56820332	921.997915344	926.427666713
700109564	160178356	2.90268306049	183	236485	145254390	2400.50656607	2360.30318842
700105312	516889361	2.43339651169	117	60638	45660410	629.254961263	611.495566018
700110089	160643649	3.00560829928	138	61767	40555482	620.14529722	604.765110753
700105787	375450439	3.29837536205	214	26123	34711418	259.913098971	243.967186518
700106504	553359145	1.92428003088	104	71208	57573524	711.608954472	801.039402168
700038493	763476303	2.86511173967	131	55465	42459500	567.908838853	592.658240077
700105000	275382046	1.25353181453	75	8513	6498170	85.1186524809	71.697945787
700105580	765074482	2.85466994199	209	218031	147895462	2012.8467844	2072.56092332
700105237	763820215	1.38446266061	127	216164	135109484	2128.4636837	2049.16810377
700105991	465578759	3.09584408852	175	60623	40513492	620.390284423	600.290206686
700105685	763456073	2.75753534991	145	66311	52641176	699.819148006	783.19877232
700038870	861967750	2.83871576916	172	197134	141400822	1958.78605515	1915.44069855
700102586	159227541	2.86113473662	131	226659	167839340	2237.19281274	2243.6431998
700106056	764184357	2.60235492742	114	118525	93398542	1172.16527522	1150.15798191
700102905	159146620	2.49297688705	88	64728	47948420	662.960094387	647.560709083
700108095	160502038	2.84860247012	198	141360	90198104	1423.71362853	1334.35515448
700105153	612472597	2.82073207725	153	76830	56086242	769.209882854	781.056729763
700106198	823052294	1.46798469204	173	181045	118880510	1692.94074316	1822.30247001
700038702	763698834	3.10995105533	185	94367	72575794	965.715490134	977.008560937
700102242	159166850	2.34010873865	302	400736	232024088	3871.79465562	3961.53116102
700107189	686765762	1.72993795161	118	186007	134774174	1872.66902996	1839.35588741
700038414	765701615	3.19211624566	127	63922	107707628	597.792361531	615.293483933
700109621	160319967	2.57364319018	150	129895	87360086	1337.43169965	1376.48969133
700038472	763536994	3.03844871002	172	106342	73139036	992.502228934	976.0808609
700108341	159470302	2.49820387683	73	17193	9681088	177.785216846	157.64993898
700038806	765640925	2.7143466143	203	153395	150404344	1475.95826162	1526.96897849
700108896	160218816	2.57948739809	63	13590	9529204	144.326862624	132.392223073
700105882	668248235	3.02212049079	156	77740	48174912	803.204744147	788.585045552
700106946	147406386	3.00294764205	212	11663	7975718	118.253659674	91.038754668
700105517	765155402	2.94677448643	170	32641	24883332	330.176347241	334.851308687
700105372	764487809	2.75280530524	152	137436	110225992	1328.84068252	1335.02371526
700103479	132902142	2.729481953	226	57009	42498720	579.925466353	531.111788239
700102356	159490532	2.51499853884	117	148824	114103932	1387.62191294	1372.39432137
700107930	160056975	2.40273525361	82	62403	46010908	641.828668269	646.823784438
700109506	160845950	1.42612305149	57	16181	10434040	165.261759724	146.528140786
700106170	706846339	3.1423777175	165	114703	87322984	1118.27761893	1094.8464635
700110222	161473083	2.51548296873	83	13540	9491950	147.324608498	127.795211352
700038761	508703490	2.68320857846	134	133894	110822588	1302.77991233	1234.80181183
700109987	161412393	3.54431902441	146	34936	69370870	345.131842128	318.571689027
700106229	675950834	2.85663533236	227	259660	158060090	2522.88115477	2638.96643052
700107873	160380657	1.79595427089	131	109106	79913854	1083.18115666	1126.02441828
700103652	765094712	2.50111642401	174	217156	174762164	2179.38040669	2364.13658043
700108530	160582958	2.67016826208	137	135327	90584582	1398.79312946	1328.00707993
700107489	159632143	2.72869396367	67	15605	10815954	161.40708084	140.944390055
700109449	161554003	2.86871281495	177	89415	92060244	904.319334535	1002.70745777
700106465	338793263	1.75956858715	110	98895	86033406	956.365509267	1106.07161014
700106754	857980665	2.99464938647	132	63455	43964078	665.102625287	657.40310328
700106065	737052003	2.21172764059	181	132790	92063224	1254.98638115	1250.315213
700038956	370027359	2.82987771638	147	65108	62024374	662.118644631	679.698768324
700107566	160097436	1.52521236962	147	153650	109666084	1536.51555655	1480.35591077
700106333	289996019	1.25398173732	165	103972	62927732	1051.66677047	1034.29183817
700105306	764325968	2.77746628762	117	138939	106796512	1293.79593399	1291.18443249
700038918	355657046	1.66047578096	8	42	70628	0.411492290121	0.0
700109383	370425937	2.14383452652	116	73640	74737596	742.184831435	748.397157032
700109921	159085930	2.90682512581	77	15803	11000718	168.072887635	146.283534166
700110155	246515023	1.83856706003	102	100367	97141666	988.221528673	1091.93204232
700102848	159288231	2.43844751614	77	11459	8972814	115.64108045	104.935831645
700102432	160158126	2.7856401238	145	208366	121651500	2071.81816979	2128.11115886
700113616	763536994	2.48208252248	84	61410	90430558	576.761535381	555.154471188
700113114	764467579	2.99216949076	184	84843	57719354	872.619808443	872.455093156
700110354	650853796	2.75323595975	124	66767	48206646	688.08442719	636.110138518
700111223	866653606	1.676109278	113	134985	72817594	1378.35114375	1315.80578921
700110812	809635352	3.01536643709	136	85233	113442936	867.883066695	927.075824586
700114162	289996019	1.31197998666	104	56862	35920162	574.821225956	546.717592424
700111439	451588811	2.72412131135	99	66375	47265130	690.056802706	653.590095651
700114000	763395383	2.6508087559	139	101889	64497710	1056.96477858	1037.62029029
700111296	763721271	2.72748003898	329	279044	217015658	2625.06333645	2832.95437814
700111986	159510762	2.87143059279	77	15246	10835698	154.442259547	143.205440245
700111745	872848689	2.20125822687	75	13978	11566882	144.022348003	126.906159914
700114653	763901136	2.72180447723	123	104274	95267502	957.793613524	1016.00661145
700114911	561079058	1.71333941601	109	46686	42507590	463.855077977	618.732136459
700114125	763840445	3.08410211784	142	113979	87159250	1121.86757755	1220.32403422
700114480	764042746	2.25866298925	112	156980	113753708	1568.83408659	1474.74149868
700111026	686765762	2.12147676722	76	37380	22166702	379.418699881	373.347656498
700113177	809362576	2.68556254163	151	68091	49759566	692.004185583	690.669926465
700111505	336497421	0.865487440022	129	153447	87437122	1549.99799771	1488.89046262
700111156	257905678	2.92053068113	137	73209	52529492	762.007336971	731.800741675
700114218	663835652	3.03903383998	136	46787	31456072	472.856602647	475.02356185
700114082	764062976	2.6654775292	121	134003	116734970	1286.26686207	1250.13714677
700101134	159733294	3.08680236862	93	9444	8327736	95.549421442	83.6504593947
700112046	160421117	2.13705549331	149	148771	89495738	1519.78918382	1492.66782696
700112376	160380657	1.94876495879	148	157289	104724744	1569.0481938	1597.53048932
700112433	159146620	2.58178759142	88	74965	49898792	763.431339883	780.862202417
700112490	160178356	2.88480494721	150	124465	90935532	1257.53667942	1238.88364111
700112755	160603188	2.76891025026	140	103992	73404138	1095.47452512	1107.54956059
700112812	158883629	1.87383144292	87	124605	111041338	1139.57767582	1115.05513139
700113705	234447334	1.94287480435	133	59997	41956062	602.775354915	582.869606445
700113762	367712035	3.38648847011	173	81090	69122832	829.227366992	801.083120703
700113810	763921366	2.83574922802	126	79996	53879132	823.234106255	804.884974508
700113867	488228756	3.02095073446	183	142988	82866034	1465.51535186	1431.69046606
700113954	763456073	2.99744178541	163	7062	6627696	75.2434324071	55.5933733692
700113975	884419868	2.88771976341	185	111263	82593938	1164.74038508	1184.94965102
700116028	991168867	2.69118580341	181	109412	68686288	1129.37507804	1112.78149763
700116076	765195863	2.99990372146	134	56135	43525676	588.404533056	551.953605654
700116148	993302508	1.54005239954	134	83833	49050590	860.567390999	808.560297465
700116201	764588959	2.46065406654	146	124245	114240072	1255.75961576	1221.35092008
700116248	668248235	2.9538727377	172	64744	44244044	689.15517891	693.76198384
700116296	764791260	2.66819719782	112	47585	39811730	492.233558332	497.62346246
700116358	763982056	2.2554292895	199	236009	154426846	2447.35889783	2375.42168827
700116401	980939909	2.84350573289	159	106454	78141596	1110.46123042	1157.05695574
700116468	375450439	2.39497214865	134	265667	174075090	2641.23042776	2686.0943876
700116505	268204421	2.85608305122	160	85582	55690816	881.476227394	896.910616824
700116568	763395383	2.9055776489	181	147106	98585102	1519.51490867	1483.08721853
700116611	763820215	2.02408969511	221	260738	166651988	2631.46200697	2540.13520502
700116668	722859603	3.20416725872	191	46733	71069160	469.707629721	448.14111739
700116730	868454789	2.86199080868	156	77992	51422264	786.0949689	757.34665859
700116778	764285508	2.7274184848	220	225055	125418532	2270.62006337	2254.57239846
700116828	764508039	2.13171370149	136	317565	211526350	3278.89223779	3235.88061313
700116865	872298013	2.59651897572	143	72842	45541304	745.073690779	804.683627638
700116917	360880230	1.40439984647	179	132907	77763372	1327.61438038	1461.04410208
700119042	159753524	2.37245091818	271	469864	308373630	4851.57575017	4871.6821387
700119165	158802708	2.98096641932	165	116654	83238334	1186.89796107	1194.17947296
700119307	159288231	1.43333280903	63	16403	9536878	164.976612768	162.723019814
700119496	159227541	2.17165337068	131	141119	115904544	1352.62079834	1421.01656982
700119562	158944319	2.92489687058	173	125502	90570058	1326.93237062	1306.9770442
700119739	159207311	2.43486818094	178	150366	104715158	1524.53659847	1594.86212788
700119987	160319967	2.47633475742	166	148308	101163438	1547.90216574	1681.32590004
700117000	764366428	2.71030830455	150	263383	189883828	2708.10188144	2681.73013169
700117031	305070461	3.14721212051	196	110478	70766202	1128.03872263	1094.18872571
700117069	884797910	2.4943135514	208	160175	93802092	1627.9742502	1633.97546401
700117172	525622796	2.83909578738	126	67867	53671170	706.413844211	683.329703277
700117184	612472597	2.97731738178	148	49308	40881122	489.644388052	498.93728328
700117625	550534656	2.56344550164	181	235196	199424990	2450.76697836	2634.82985721
700117682	763921366	2.92452584006	193	204544	172222264	2082.47635536	2068.28906354
700117755	764467579	3.11038231007	186	204663	166582800	2053.68454623	2177.46346559
700117766	731256356	3.0197451939	140	60521	40906174	625.325744278	621.866810401
700117828	765094712	3.08957653777	223	225568	143877708	2267.86728607	2330.31716703
700117938	763557224	1.78905527119	119	158774	125216530	1610.0765759	1569.25826517
700117992	765135172	2.55147958299	146	170090	153772760	1719.07025501	1765.05054877
700120753	686765762	2.1110541318	157	164541	92073696	1670.93519013	1586.5406238
700121639	160259276	2.95871893649	89	15706	10131382	164.98432837	147.482973585
700122000	160056975	2.18455852601	58	12619	9181436	129.047027911	128.33950367
700122108	604812005	3.01965424568	218	232146	145072838	2417.71721332	2371.4290581
700122165	638754422	2.69959449147	145	104533	67468770	1094.66321196	1071.73489206
700161532	675950834	2.09537406052	131	374742	233433584	3783.11485518	3901.88314314
700161581	765216093	1.34913931054	147	76101	39775726	762.851870057	804.000083045
700161629	765539774	2.47326680508	148	93671	55204186	967.602533981	931.725202384
700013588	158155345	3.23395312595	116	36623	31999512	374.861662647	326.14962067
700013597	158013734	2.80044009127	119	29605	23180078	308.902387443	304.972342203
700013600	158033964	2.9130886152	121	38679	28701686	374.01540934	347.198781112
700013603	158114885	2.58270296229	100	65116	39468100	667.587398376	650.822090206
700013672	158276726	2.99639466103	145	47901	30867226	492.733225399	471.341801328
700013693	158296956	2.7352736151	125	29534	23841900	297.003651342	304.827584737
700014386	158398106	2.90958696101	138	61730	44271002	645.678240049	612.836941738
700014486	158438567	2.23743655775	102	36275	26781814	365.471325541	348.310072633
700014498	158418336	3.3027378927	129	42071	27932560	435.385618701	416.368514176
700016000	158964549	2.35922079188	80	66861	41854510	692.56086184	665.855450027
700016902	159389382	2.49307659434	103	71836	43547984	747.568571852	699.028690148
700033436	159470302	2.45040055022	110	65670	37439246	683.791880008	592.596662786
700033726	159713063	2.42506357065	100	45087	34512272	466.77099145	435.989346498
700034565	158033964	3.26458762071	116	42420	28992956	428.542062548	396.740277567
700095058	157953044	2.69521245825	110	74365	40424284	780.618926475	766.006027539
700095287	158296956	2.80318999224	150	58572	45482926	593.73283549	604.89520335
700095353	158398106	2.93084012402	96	61067	47899254	650.824173616	622.25330626
700095410	158418336	2.94164327324	100	48223	34945874	497.984004391	537.747019605
700097234	158216035	2.01562917261	93	57033	32139082	581.098776563	568.415980126
700097631	158155345	3.16221968122	105	25903	23559470	261.36765288	239.467418426
700098359	158458797	2.64795338994	88	27199	25288960	280.690082105	260.405256582
700098867	650853796	2.67548418487	97	64619	41437588	671.227620603	645.100731508
700098932	158236265	2.1894458591	88	43292	30923094	444.404228777	466.915496057
700099002	158114885	2.39773415839	107	66398	41915598	684.210008571	635.271628969
700099059	158276726	3.37038413514	140	46039	44850492	473.275586022	451.805365544
700099590	158438567	1.01325472585	82	44148	36067274	442.512906352	454.645207054
700099746	158964549	2.00941260354	61	71087	40594898	744.792064975	693.216516977
700120572	763721271	1.97476458043	75	93644	57580462	969.638926618	924.94444512
700161742	508703490	2.50739228898	121	244331	186842520	2607.66837181	2475.43406324
700161856	765195863	3.07420154595	150	146550	155444040	1496.87300065	1584.53929121
700161872	103092734	2.43071656548	105	82278	50084266	847.394758724	874.829488464
700161945	764649650	2.99265776831	135	183791	181049778	1886.94864162	1896.80125892
700163030	763719065	0.908764578677	119	274315	193027322	2747.22769594	2724.40393761
700163181	765377934	3.02865400415	220	98031	72723146	1000.88352838	1020.76150097
700163238	765317243	2.23072014482	124	54018	46712296	568.250021267	530.767293865
700163458	765661155	2.39703585575	132	53741	56605214	540.118379232	523.403366187
700163521	765519544	2.57564322494	142	78010	56385378	803.436812097	787.919934199
700163628	823052294	2.2688806383	126	130201	90924150	1310.50237394	1348.6343161
700163699	765337473	2.8663974851	140	223103	194154852	2297.4127647	2364.26977932
700021261	763456073	2.63939496099	132	34343	35094766	364.33351447	360.558277373
700117303	115629832	2.48813613401	110	54747	32290218	573.626095014	542.496662925
700122042	206906765	1.68117740547	104	81086	57444160	808.692344002	759.39335137
700122408	838529239	2.62421882992	118	104273	74977968	1071.15848895	1010.31204821
700122860	160967330	2.96235278068	88	30423	26558318	321.893130653	315.590669997
700123700	650853796	2.34076935469	78	63751	45080868	671.404065225	628.793116075
700161219	646253328	3.35292121588	146	56677	48191526	580.442672743	548.160560424
700161429	195044680	2.50553415948	111	64053	40125354	652.852675811	625.478937693
700163296	316129862	3.36337418883	159	31226	24411200	317.508371715	305.489418313
700165530	646253328	2.92109005689	96	61897	45060442	637.227539653	648.630905234
700166262	866653606	2.42840585552	100	73759	48666702	773.173702514	692.57390724
700166643	257905678	3.04405432164	124	55888	39539178	581.722295032	544.594224381
700167107	763721271	2.67095211561	103	68595	43950714	712.944359466	676.13097113
700172069	162469177	2.25292157742	64	15433	10112060	159.991064315	151.455422349
700172870	646253328	3.10082525518	118	44229	35544626	463.726231509	462.250963347
700123562	160502038	3.24953644637	215	182166	114161656	1831.63985963	1788.93646693
700123827	809635352	2.52179639075	169	77769	82272742	799.790071424	761.0907146
700123959	246515023	1.65581466842	204	59962	91473354	597.81483355	591.018416031
700163772	706846339	2.94441292199	170	244178	180102838	2535.54864916	2472.86107094
700163811	884419868	2.7424298067	179	110585	82761632	1157.20653203	1191.89824851
700163868	178713055	2.93058961081	173	161711	128944876	1680.77601822	1666.64241927
700163981	338793263	1.70343280483	140	146369	97612286	1485.2520795	1712.07583547
700164050	234447334	1.55775942051	158	242000	199420190	2414.72076259	2359.65812247
700164159	765074482	3.44404952422	244	305675	187305096	3127.04159498	3138.7771053
700164192	857980665	2.95693515742	117	58728	40040356	618.530423097	605.197222817
700164249	739574095	1.93037097299	113	45161	40916972	452.402691726	471.430673253
700164339	370027359	1.97839339532	138	125183	73315804	1241.30119415	1311.30025872
700164354	355657046	2.09617771897	115	83090	52320246	819.957146503	819.175390115
700164417	305070461	2.98875073327	155	87094	61485166	883.632272941	886.930798737
700164450	517810313	1.25435821652	146	160587	87700084	1600.58011841	1685.57038129
700164611	765034022	2.54161994578	143	171313	132536726	1782.2053727	1689.968974
700164641	525622796	2.67717434835	163	79538	59888582	810.325239421	787.696170562
700164686	765135172	2.57762906696	126	164439	121489806	1705.14675596	1844.74688053
700164735	208027353	2.81264200175	242	93845	65615016	956.747257563	945.292987862
700164792	953045535	3.04075382357	165	104107	70467230	1065.79522218	1087.51547313
700164870	550534656	2.30003482236	117	283542	181604814	2877.84539863	2955.93835268
700165052	764366428	2.57164102135	132	253593	213492708	2585.65176097	2599.57415331
700165148	823052294	2.55731347187	152	317280	224575048	3209.81241454	3353.22554819
700165167	765256553	3.08851423993	212	87928	76999736	883.683933181	930.31687606
700165263	764508039	2.87780259465	194	225928	134636518	2302.02070202	2287.93161647
700165407	682102541	3.22965215261	152	50577	52659964	518.565475955	523.606716622
700165455	764062976	3.31125227251	136	56416	48713174	566.911966259	580.326608198
700165634	765155402	2.90646256939	155	223459	182981938	2288.35054138	2375.55844492
700165665	275382046	2.46173336363	21	46	82380	0.447972260902	0.0
700165778	765216093	3.06915196666	232	138633	88076186	1426.80028005	1497.07232442
700165809	765701615	3.1869096971	173	60741	74524390	609.146678539	604.135849279
700165875	675950834	2.73686348009	124	72564	41825556	738.748177292	744.334655442
700165986	884797910	2.40488218437	205	90790	52976031	908.231894318	680.687818277
700166025	159733294	3.03443633221	92	9328	10726498	94.1222438902	83.4238033834
700166586	160845950	1.42813746073	117	63893	43208038	644.2652923	598.583610061
700166775	160582958	2.55938066034	145	147975	91114908	1530.14513834	1465.48578768
700171066	863126187	2.95861780627	206	157249	100379342	1583.85946536	1575.85433711
700171114	682102541	2.85362976846	152	108681	122837952	1091.3154401	1112.68930549
700171115	663835652	3.03163729511	155	138683	120011840	1412.57053925	1436.82759079
700171190	765013792	2.48084888828	140	98464	58580406	968.755396833	1003.42908306
700171324	275382046	1.51013447123	111	275185	195267624	2743.32108143	2675.30861895
700171341	868454789	2.66334253129	146	22631	51366108	222.793843725	204.650201859
700171390	147406386	3.75943633743	266	20396	17997920	203.655016892	138.308615142
700171441	765377934	2.66790652184	149	227105	194310184	2371.23142198	2482.68740663
700171573	370027359	2.1271324649	129	259884	168554108	2604.53054572	2725.90193137
700171574	553359145	1.67579351637	75	53675	43528164	534.780393594	582.278313615
700171648	765519544	2.84530357424	127	218374	183248884	2250.16635326	2197.66884593
700171679	938202701	1.95452210803	154	118036	80137732	1198.417933	1188.47872497
700171727	765337473	2.69603196506	141	97764	69859792	1007.68410776	1021.81402905
700171859	809362576	3.3948210107	182	39283	47571586	400.731990684	372.880617985
700171916	765640925	2.57359144647	188	220907	204589912	2221.83768757	2268.38952733
700171955	561079058	1.96241555058	119	57850	49981630	575.910840744	750.5219354
700172068	508703490	2.40235242553	127	204577	262971352	2128.15768924	2027.06887628
700172221	737052003	1.9120874778	164	215786	170973416	2140.80797262	2081.15017326
700172279	256789458	2.53897599516	157	81431	65764548	821.8159288	808.010785998
700172393	516889361	3.0054282118	188	63029	63937856	644.068625778	613.065698625
700172461	763901136	3.22770429389	147	125137	122290816	1259.68477768	1320.08974019
700172498	765256553	2.7911755102	262	200306	166754946	1934.47530632	1875.78723239
700172555	103092734	2.80578166555	159	78483	50285278	792.627479715	778.506887254
700172621	643185023	2.59835509056	133	67697	41545156	682.852241764	689.085226523
700172726	857980665	3.01614732477	179	162120	127013018	1693.46111742	1652.48487471
700172813	875002022	2.8395505846	204	88055	72494060	897.149935815	932.944715312
700173023	765276783	3.2089564621	178	141826	109979620	1441.50709861	1373.77891872
700173086	305070461	3.19077168209	155	74835	58562012	763.272817599	754.14307465
700173119	884419868	2.81190215716	133	64798	44543910	682.047740132	676.88871817
700173176	658594300	2.77822113261	240	118642	73987932	1183.20045124	1241.74527321
700173272	355657046	1.93740678111	138	63609	44538918	635.525719859	619.614434409
700173377	525622796	2.858348193	139	68084	45762306	716.599521474	683.568861974
700173483	115629832	2.94819696859	177	96178	60223240	980.287667161	968.751362025
700173546	901775393	2.58661575604	168	65493	68349258	660.698311216	661.796655781
700173627	612472597	2.93167486306	257	58173	40517762	576.296279801	531.690237556
700175086	764791260	2.99831137507	219	60609	49883168	605.147111528	631.923165289
700175181	764851951	2.87980857027	179	62306	52321428	610.998300473	595.616152746
700175331	764953101	2.94258131556	134	64979	40040788	666.706559134	667.841934944
700173686	886389417	3.4838243015	121	19560	15120806	202.046041096	166.011912215
700122765	536137189	2.267621933	98	69076	44169256	698.568778891	679.911451427
700124561	797461496	2.85197847237	104	34399	23687882	367.842225413	338.299209164
700167825	797461496	2.73846229603	114	39492	27391480	416.66571584	388.131466556
700124429	788731474	2.53209397809	98	34399	27454488	354.800311319	374.266282167
700121919	241812656	2.59206608889	84	32539	32357102	345.29147951	338.534612451
700021123	763395383	2.68111537389	124	89401	58751518	925.926547017	854.070226486
700164891	932979671	1.79908483897	76	64420	45176950	665.513447213	621.266130726
700117239	932979671	1.9116902983	88	54475	37723934	580.903264841	524.38722768
700117537	486505039	1.78321923981	135	74819	36665110	754.249007729	686.925622677
700165311	115629832	2.94920622962	123	40727	30043356	416.245212477	383.79178223
700161967	535376874	3.1634371827	142	51800	35376682	540.506559627	503.024983699
700161743	188816475	2.14940388056	49	48037	31162268	482.715411459	463.454368071
700172132	486505039	1.84284682422	132	91838	48664804	923.545392096	850.202031333
700117395	596625983	2.15303573598	89	59332	38671552	597.437042686	586.687390525
700163982	596625983	2.50274629843	99	43005	30607532	436.857127165	407.064105401
700172927	596625983	2.45593274071	117	45599	37931250	458.171671535	446.219110767
700161533	725019804	2.61162300954	114	62791	38852818	652.022556149	600.867902343
700173320	316129862	2.67596997102	148	81271	54815058	838.099171685	810.977721685
700165224	182518224	2.67135736121	110	58560	35922772	616.964134661	594.014713372
700172346	366487741	2.87901856093	142	36496	25125424	379.871377349	357.032528743
700097973	970836795	3.14800981779	121	28289	31289554	293.000011704	252.63931634
700167759	441369442	2.71899489505	95	48312	27722376	498.112212802	486.794907877
700163419	886389417	2.39294937445	151	100701	57262656	1016.43096624	987.411969523
700161342	366487741	2.67527451398	132	95439	58145984	980.363685872	919.291706799
700166862	160987560	1.5365471688	77	83539	48908348	858.289155831	806.907023594
700123135	161068481	2.10843481588	89	75345	46016342	788.810803032	740.301110287
700097482	161473083	2.67263429984	126	88344	69122158	942.709871041	873.454610138
700098267	158742018	3.02663099721	137	141858	100955032	1517.36001872	1463.00538384
700097291	158013734	2.962540314	118	144124	108729396	1515.23699327	1546.81283168
