,shannon_diversity,strain_richness
700013597,3.0878208065112736,123.0
700013600,3.021304410685388,135.0
700013603,2.662608759984495,98.0
700013672,3.1845000351152204,147.0
700013693,2.880048580550762,112.0
700013715,3.3438973092308553,225.0
700014386,3.2708411498401726,147.0
700014486,2.4258605299384177,90.0
700014498,3.89023927275189,160.0
700014562c,2.426918760425639,93.0
700014724,2.7974233397570245,119.0
700014837,3.365210233544431,198.0
700014954,3.4694832551495844,177.0
700015113c,1.3469357442603052,68.0
700015181c,2.6213592423883636,148.0
700015250c,2.3073203223475205,191.0
700015415,1.8184541418694353,158.0
700015702,3.046761955043404,248.0
700015857,1.7116244831356344,110.0
700015922c,1.7104857342200348,67.0
700015981,2.377721742254814,99.0
700016000,2.3861379856908203,69.0
700016142c,2.5546049948720913,78.0
700016210,2.558055180166128,65.0
700016456,2.7902943900871917,125.0
700016542c,1.8973896050051688,162.0
700016610c,2.499365616109619,171.0
700016716c,2.948982178798414,285.0
700016765,2.546314440867058,133.0
700016902,2.8626541888573978,108.0
700016960,3.345538043388135,122.0
700021123,2.9892337230650976,134.0
700021261,2.8387254990027913,124.0
700021295,3.278422262302178,126.0
700021306c,3.5563590490995614,180.0
700021361,2.456397871848497,127.0
700021824,3.5209143611910787,141.0
700021876,3.271990397284734,115.0
700021902c,1.820538657354017,119.0
700023066,2.800540352770938,146.0
700023113,3.4187945822835077,135.0
700023188,2.1590838030802124,59.0
700023267,2.9241083050562597,112.0
700023337,2.868833057810909,154.0
700023390,1.8158554694063966,120.0
700023509,2.998524217685095,113.0
700023578,3.313934272251037,192.0
700023603,3.2325061691099775,165.0
700023634c,2.4854566791501895,151.0
700023720c,3.3322979631950456,219.0
700023788,3.4393081792080746,140.0
700023845,2.097129250571415,97.0
700023872c,3.1622498608280747,214.0
700023919c,2.652623001922084,163.0
700024024c,2.3652619160131896,104.0
700024086c,2.858424004152774,210.0
700024141,1.5650520334907159,69.0
700024233,2.6241114581727323,183.0
700024234,3.3085044585432803,120.0
700024318,3.2428199793209034,159.0
700024349,3.0460259919065305,124.0
700024437,3.514478596194156,169.0
700024449c,2.6462100371661346,159.0
700033153c,2.982367746391707,149.0
700095831,2.1443255152001695,53.0
700037501c,2.827937530755107,137.0
700095717,2.703461696536165,99.0
700024509,2.9261024948653653,134.0
700024545c,2.335139929584721,166.0
700024615,3.2217513478951263,113.0
700024673,2.9491053378498644,106.0
700024711,2.1828847053031497,112.0
700024752,2.9174836889731206,144.0
700024789,2.557806036779563,110.0
700024866,3.0219677181821525,94.0
700024930,2.2818885313452437,96.0
700024998,3.4586033505993345,150.0
700101638,3.2367561769424413,120.0
700032068,2.727050865828521,59.0
700032133c,2.051531237556295,178.0
700032222c,1.7124136634862916,171.0
700032413,2.777816778562111,72.0
700032944,2.034773474734064,97.0
700033201,2.5280099319724094,60.0
700033363,2.352015620780538,71.0
700033435,2.932869491426304,107.0
700033436,2.59002756346261,115.0
700033502c,2.235996867941937,113.0
700033665,2.9928751614182105,152.0
700033726,2.460503886468534,89.0
700033797,2.193355259644381,107.0
700033922c,2.2300982796153033,103.0
700033989,1.7978417921162957,117.0
700034081,2.2717307981794965,81.0
700034166,2.9342348831029232,129.0
700034254,3.1729903913029864,188.0
700034565,3.5793012404510733,136.0
700034622,2.061649520253478,57.0
700034794,2.535183915742587,116.0
700034838,2.6708161241374304,54.0
700034926,3.2769950088169377,149.0
700035157,2.7556607958127524,106.0
700035237,3.0348933734987957,172.0
700035373,1.8492818893744694,52.0
700035533,2.654736711949498,105.0
700035747,1.919389265068053,154.0
700035785,3.514856445676961,150.0
700035861,3.5775479853795518,170.0
700037008,3.535456617666908,167.0
700037042c,2.8313277943841957,208.0
700037090,3.0452417516280734,145.0
700037123c,2.4288199734848965,166.0
700037284,2.8994438791536323,116.0
700037303,3.322005096557815,175.0
700037357,2.0097043950673217,99.0
700037405,2.570169774207462,117.0
700037453c,2.747138150245806,140.0
700037539c,3.552009539376674,270.0
700037632,3.4747864889208637,133.0
700037649,2.0841925692436023,98.0
700037738,1.8405342051613265,127.0
700037757,2.582087936277866,85.0
700037852,2.5138271534566137,124.0
700037868c,2.611367329894943,160.0
700037916,3.394719198695914,131.0
700037967,2.455710355425308,100.0
700038053,3.5311038076719177,156.0
700038072c,2.848655224207925,170.0
700038158,3.1769648105586707,137.0
700038167,2.347657144973507,99.0
700038263,2.5817520170443577,96.0
700038284,2.9351574324201604,110.0
700038386,2.8618050714871934,127.0
700038414,3.5064923068616123,144.0
700038472,3.3345523169017275,183.0
700038493,2.9506422789067726,124.0
700038546,2.562548942062461,106.0
700038594c,2.9353018693704596,271.0
700038702,3.1580174767534914,163.0
700038761,2.7179024615878364,120.0
700038806c,3.125927584815912,184.0
700038870c,2.964920279478122,166.0
700038956,3.0387137490051526,135.0
700095058,3.1524062632148504,130.0
700095213,2.690866535330147,123.0
700095287,3.485333322821769,146.0
700095353,3.200539508060267,123.0
700095410,3.111347664993799,114.0
700095486,3.586827508308369,179.0
700095524,2.9367969849242117,98.0
700095647,3.3211950602979834,186.0
700096047,1.9661351172459365,115.0
700096380,2.8229614828230445,158.0
700096700,1.5628550768421094,88.0
700096865,2.292837288145195,133.0
700097196,2.895777824842718,102.0
700097234,2.4627334878424803,93.0
700097291,3.569094493721308,164.0
700097482,2.948708514932304,128.0
700097631,3.491370979284059,116.0
700097688,3.134934990511892,153.0
700097837c,3.1042863111728316,125.0
700097906c,2.8636655802064057,144.0
700097973,3.4239762147010033,112.0
700098267,3.604873280998064,186.0
700098359,3.1472977275512064,85.0
700098429,3.5180337339504266,114.0
700098561,2.7074140653899015,164.0
700098669,2.199860530099141,120.0
700098867,2.7600018638378847,92.0
700098932,2.4391104612527275,74.0
700099002,2.4267176322632777,94.0
700099059,3.8972730496069046,153.0
700099512,2.3612238878845204,86.0
700099590,1.8563023388045936,77.0
700099746,2.0289441250499722,51.0
700099803,3.3435889862513224,160.0
700099886,2.80439578286429,98.0
700100022,3.4573883543989323,141.0
700100227c,1.8150682819697757,78.0
700100312,2.879792577002488,132.0
700100432,1.892902367940847,88.0
700100471,2.385314652034619,92.0
700100540c,2.4594745223331533,110.0
700100600,3.0672301989850466,155.0
700101134,3.4777177031850606,95.0
700101243c,2.5471606633053767,131.0
700101366,3.0304136304959184,135.0
700101534,2.1019042856558916,91.0
700101581,3.127281864544201,129.0
700101840,2.098339258053551,79.0
700101916,2.644464229064905,109.0
700102043,1.9391341307588157,120.0
700102242c,2.4583645250507042,285.0
700102299,2.767725085615931,153.0
700102356,2.7048438953094185,112.0
700102432,2.9537349426086057,147.0
700102586c,2.9796804216866724,134.0
700102659,2.1942386132736456,112.0
700013588,3.4979859910164053,127.0
700175331,3.0144507888544494,116.0
700102848,2.5075683378746767,80.0
700102905,2.6230238402240524,76.0
700103477c,3.514029091409394,195.0
700103479,2.779339263592618,192.0
700103558,2.74847745138707,172.0
700103652c,2.5874137307534206,151.0
700103710,3.0409273955573672,111.0
700105000,1.2446459890247488,68.0
700105049,3.3079507213586647,199.0
700105153,2.855128746031989,127.0
700105237c,1.3980401357585357,116.0
700105306,3.000420929889657,128.0
700105312,2.4561847361922684,101.0
700105372,2.9521843443834515,158.0
700105517,3.1686428885708358,143.0
700105580c,3.160884416244444,199.0
700105613,3.205694770300306,137.0
700105685,2.8443008703204646,113.0
700105771,2.1400860163230733,189.0
700105787,3.395573239484989,191.0
700105882,3.1250330416615797,147.0
700105940,2.2379987374039083,154.0
700105991,3.322370068694778,147.0
700106056,2.8598729547949406,114.0
700106065,2.315597584177937,149.0
700106170,3.3544836704494263,166.0
700106198,1.530564901254604,162.0
700106229c,3.139902952322246,206.0
700106325c,2.505874191047006,128.0
700106333,1.2467073849151895,127.0
700106412,2.6447163133951905,130.0
700106465,1.7795698554583594,95.0
700106504,1.9326980209512292,81.0
700106646c,2.3951530581856284,159.0
700106694c,1.5493084497832188,136.0
700106754,3.1154411463578193,129.0
700106836c,2.8893429487864,123.0
700106876c,2.282296151828292,141.0
700106946,3.0418110920273325,168.0
700107059,2.5517610844612673,152.0
700107189,1.8719904357881292,109.0
700107398c,2.8440341087539984,240.0
700107489,2.834608667551263,75.0
700107566c,2.0247204698184813,131.0
700107873,1.8059791349853482,114.0
700107930,2.605966772357803,77.0
700108095c,2.9045313362942125,178.0
700108161c,2.2560958213635067,136.0
700108218,2.9012080992414786,110.0
700108341,2.5655617896868845,71.0
700108530,2.7165817162562163,127.0
700108840c,2.9791330936653715,170.0
700108896,2.838795829582299,64.0
700109231c,2.796972244605967,118.0
700109383,2.308049039520681,99.0
700109449,2.9058483971008577,149.0
700109506,1.4917924660183273,59.0
700109564c,3.1795960356860666,159.0
700109621,2.7695138427671764,137.0
700109921,3.2597386652885034,83.0
700109987,3.861128388847141,147.0
700110089,3.0852713444316997,137.0
700110155,2.530267843372938,91.0
700110222,2.7622418248083465,81.0
700110354,2.8215963748857056,111.0
700110419,2.950364245687839,141.0
700110812,3.1267658270426835,124.0
700111026,2.546046967029568,79.0
700111156,3.154960155479804,124.0
700111223c,1.6830675952835032,94.0
700111296c,2.721705724456912,282.0
700111439,2.8248962173910543,100.0
700111505,0.8609118323156454,106.0
700111745,2.1783373329064446,59.0
700111986,3.0618572547492646,78.0
700112046,2.1664509708474764,132.0
700112376,1.9657896227245149,132.0
700112433,2.701885023765852,78.0
700112490,2.9205074188603097,141.0
700112755,2.9005014522852495,138.0
700112812c,2.299178353977861,78.0
700113114,3.2781784560833516,162.0
700113177,2.8306621827004244,133.0
700113616,2.6189880591102286,86.0
700113705,1.9969256328222036,116.0
700113762,3.610064133308848,172.0
700113810,2.913349793928528,110.0
700113867,3.0626874018153,160.0
700113954,3.1085999524561485,147.0
700113975,2.9573348759869003,159.0
700114000,3.0082228637876454,130.0
700114082,2.7437579276009485,120.0
700114125,3.371969670663795,150.0
700114162,1.3228283597052826,90.0
700114218,3.1075112677332775,125.0
700114480,2.4944123994625307,110.0
700114653,3.161170679436648,128.0
700114911,1.7658697297725,84.0
700116028,3.0070298884240887,158.0
700116076,3.1439414912342802,128.0
700116148,1.5285652834740562,98.0
700116201,2.829016829814262,150.0
700116248,3.0487360607764935,143.0
700116296,2.7191839075483157,99.0
700116358c,2.26645031819844,167.0
700116401,3.0106903912592267,143.0
700116468,2.4549062703399853,128.0
700116505,2.9914081882683807,142.0
700116568c,3.052358743611846,172.0
700116611c,2.03980736290904,198.0
700116668,3.4207562740774926,177.0
700116730,3.1807685256488583,151.0
700116778c,2.8404239845851667,196.0
700116828,2.172423818430825,136.0
700116865,2.6547956019519003,125.0
700116917,1.9424931716120006,168.0
700117000,2.7908441579115677,137.0
700117031,3.2433227013240966,170.0
700117069,2.7282173443755386,193.0
700117172,3.038816151529088,113.0
700117184,3.11270627878356,127.0
700117239,2.2126727429698856,81.0
700117303,2.6124813715664055,109.0
700117395,2.2884169053033077,93.0
700117537,1.949483864955996,120.0
700117625,2.69862434759435,165.0
700117682,3.14716619189475,186.0
700117755,3.5070900128772142,186.0
700117766,3.157049101778218,125.0
700117828c,3.1380998807886336,201.0
700117938,2.212621215751948,106.0
700117992,2.8794339034297876,140.0
700119042c,2.50728201486687,223.0
700119165,3.28239430080223,164.0
700119307,1.4966130337488093,62.0
700119496c,2.7283664088382604,149.0
700119562,3.074581640142376,154.0
700119739,2.5386416203919695,169.0
700119987,2.594999491081037,143.0
700120572,2.117985645572369,71.0
700120753,2.1881766426308213,136.0
700121639,3.0897854304432313,86.0
700121919,2.978899231575906,83.0
700122000,2.208431454978494,58.0
700122042,1.7074556785196295,99.0
700122108c,3.1312368151190584,207.0
700122165c,2.9805625842428083,132.0
700122408,2.659399275648162,99.0
700122765,2.290157206584799,87.0
700122860,3.1550743035542443,86.0
700123135,2.158998412303589,84.0
700123562,3.27952327352841,202.0
700123700,2.5181476035570363,79.0
700123827,2.607715452469369,144.0
700123959,1.6828272706989797,172.0
700124429,3.0462584033427618,109.0
700124561,2.9737424402244845,100.0
700161219,3.475692210537952,142.0
700161342,2.875558631251227,119.0
700161429,2.675593443898864,100.0
700161532,2.2564622102031624,143.0
700161533,2.718391224242121,108.0
700161581,1.357072809186893,123.0
700161629,2.5505587260301192,128.0
700161742,2.6392640035396617,117.0
700161743,2.4288424133376454,57.0
700161856,3.335095195383115,143.0
700161872,2.4474319524988366,95.0
700161945,3.227295034576426,137.0
700161967,3.334918057098112,127.0
700163030,0.9390842730201887,101.0
700163181,3.081060871628341,199.0
700163238,2.2664443436498973,99.0
700163296,3.809329191827097,162.0
700163419,2.535758231477025,142.0
700163458,2.4706607980867585,114.0
700163521,2.61705732333392,128.0
700163628,2.302985321763904,139.0
700163699,3.123881216604654,137.0
700163772,3.2259045890641582,168.0
700163811,2.800370287137552,158.0
700163868c,3.0020717851081966,152.0
700163981,1.7331903866731693,121.0
700163982,2.638951596394863,100.0
700164050,1.6066470619214177,144.0
700164159c,3.6406921675554305,227.0
700164192,3.124120345120265,104.0
700164249,2.0079083810495,99.0
700164339,2.5345777504849125,150.0
700164354,2.1093191900265063,96.0
700164417,3.06508948633904,137.0
700164450,1.964675181802107,146.0
700164611,2.6476105593952592,139.0
700164641,2.712650156475169,138.0
700164686,2.7676811277264566,130.0
700164735,2.8913907546456423,223.0
700164792,3.1838005652490153,145.0
700164870,2.3685964134299726,129.0
700164891,2.103373367103829,71.0
700165052,2.6746619243227303,132.0
700165148,2.643474606949513,157.0
700165167,3.1992315903576665,183.0
700165224,2.973780082524554,105.0
700165263c,2.9358505207952326,166.0
700165311,3.1361390347507694,126.0
700165407,3.599770839351387,146.0
700165455,3.5604696238185345,140.0
700165530,3.0106215933906566,92.0
700165634,3.00725160034142,151.0
700165778,3.453344467154577,228.0
700165809,3.6712435977060944,180.0
700165875,2.783470225941174,120.0
700165986,2.4971882884208383,177.0
700166025,3.1213827345632548,92.0
700166262,2.594461583113226,94.0
700166586,1.6251170111933928,107.0
700166643,3.339676444144923,127.0
700166775,2.59473928293663,145.0
700166862,1.9767502941019026,81.0
700167107,2.8453497690764054,109.0
700167759,2.8040266629520523,101.0
700167825,2.841968616485398,112.0
700171066,3.5291903913531777,202.0
700171114,3.120401993649584,163.0
700171115c,3.1373562294376214,144.0
700171190,2.5165579488425256,126.0
700171324,1.840688478334904,111.0
700171341,2.738350747286423,115.0
700171390,3.87693562297579,241.0
700171441,2.8117102727350263,146.0
700171573,2.391229489168371,146.0
700171574,1.6828696122398954,69.0
700171648,3.289525173118538,152.0
700171679,1.968417046302839,132.0
700171727c,2.7151674486610795,116.0
700171859,3.592515741399931,175.0
700171916c,2.939377978614665,166.0
700171955,2.0002654852380624,101.0
700172068,2.4803714124072074,116.0
700172069,2.7190445379380352,69.0
700172132,1.8787371986315358,109.0
700172221,2.010481811707992,153.0
700172279,2.714810763708501,141.0
700172346,3.0612156524544156,130.0
700172393,3.0530447201251953,158.0
700172461,3.619904563675226,153.0
700172498c,2.853765847925956,257.0
700172555,2.9254696478079376,136.0
700172621,2.7233780804319476,130.0
700172726c,3.3619103064113407,163.0
700172813,3.024293669650164,174.0
700172870,3.2602415772019593,115.0
700172927,2.9577674342967395,112.0
700173023,3.5432380294924504,197.0
700173086,3.3044581616258446,137.0
700173119,2.894644032969815,121.0
700173176,2.8151803033081917,208.0
700173272,1.9447156611625787,109.0
700173320,3.0264318830560124,134.0
700173377,3.125338994127649,130.0
700173483,3.038599275870755,163.0
700173546,2.6184667456130626,134.0
700173627,3.0380933870169886,226.0
700173686,4.0299355395421115,121.0
700175086,3.0995461489637064,199.0
700175181,2.9799055184430134,157.0
