sample_id	subject_id	shannon_diversity	species_richness	total_reads_MIDAS	total_reads_orig	total_avg_marker_coverage	total_med_marker_coverage
SRR9224538	am	2.76491431727	82	14617	6345953	140.423431936	209.389360559
SRR9224319	am	2.56071616571	89	18090	6880086	182.575340373	246.205788506
SRR9224053	am	3.02762485646	105	18031	9270126	173.88301471	260.239219686
SRR9224357	am	2.27056730915	83	14789	5898753	135.56436172	211.646057954
SRR9224427	am	2.571930083	95	26661	11007675	250.257938092	381.60631066
SRR9224120	am	2.4699242821	95	25790	12539019	246.705993967	372.897078245
SRR9224037	am	2.35908155345	78	13205	5661835	129.11560809	185.60346523
SRR9224230	am	2.30098356248	70	10057	4728464	93.6404299386	144.931043781
SRR9224490	am	2.39768295536	78	15069	6459038	149.256356185	215.164708715
SRR9224525	am	2.61735695363	91	22880	9020961	209.232321707	333.355100789
SRR9224524	am	2.67106462663	93	19442	7671662	172.381911559	278.115820465
SRR9224527	am	2.44140286389	86	22586	9495050	211.140387393	321.451975394
SRR9224346	am	2.36985354128	82	11552	5075100	114.118247282	168.184796252
SRR9224521	am	3.05847701668	89	11037	5233109	105.926019345	157.252361479
SRR9224520	am	2.63012244591	119	24566	9569446	227.337155432	351.056481934
SRR9224523	am	2.63987570266	79	10037	4121877	95.1230445511	143.084641917
SRR9224522	am	2.58144799187	85	14295	5659861	130.001506529	194.600581635
SRR9224329	am	2.32636082205	83	18548	6845896	166.657533572	262.49356271
SRR9224328	am	2.41180812195	99	22194	9928522	214.664914032	312.915995778
SRR9224446	am	2.72600736723	94	19640	8221748	191.563222572	282.612548611
SRR9224447	am	2.37114026191	86	20923	9023721	211.97866195	302.462481819
SRR9224444	am	2.42970562747	78	20036	8230129	200.585195456	294.591923958
SRR9224445	am	2.2897858002	91	26470	10826730	262.10871892	400.256389201
SRR9224198	am	2.54503799331	86	12941	5098147	128.99817111	180.287337481
SRR9224199	am	2.41832050134	95	18565	6999474	183.063199761	261.363755588
SRR9224506	am	2.40568911041	91	17162	7434981	167.605087714	246.291675052
SRR9224371	am	2.67040297082	96	26422	11570942	254.356996124	374.468037214
SRR9224526	am	2.68852586567	102	16851	7256105	153.900944672	241.655210225
SRR9224355	am	3.18527340565	85	9130	4626290	87.4375655785	130.186664875
SRR9224362	am	2.70295662791	89	9993	4477227	91.3814471096	139.634703519
SRR9224518	am	2.48537073958	96	24361	10480866	238.361329699	347.863232685
SRR9224519	am	2.4795365192	93	16604	7086750	157.808739032	237.126355271
SRR9224202	am	2.49593734546	86	22272	8948310	218.691554174	318.78761043
SRR9224204	am	2.47667386069	83	12364	5273304	125.899258852	174.692118334
SRR9224205	am	2.35648707463	77	24045	9325032	241.412657368	342.255553535
SRR9224207	am	2.32143814118	87	16004	6513526	158.249797768	228.015271265
SRR9224208	am	2.35726522105	101	25164	10475440	241.93742405	367.83789831
SRR9224209	am	2.45096788384	88	19793	8518387	194.23614359	293.028858534
SRR9224512	am	2.17146732909	76	14531	6383280	144.791185622	201.702051545
SRR9224513	am	2.21581289188	71	14523	6317945	141.801161711	211.858218553
SRR9224514	am	2.30612888577	89	13056	5527937	127.572742954	193.591551252
SRR9224515	am	3.1303018765	87	6628	2899771	63.8029962495	87.5873735846
SRR9224516	am	2.84185634753	79	3604	1584580	34.249050082	45.539944684
SRR9224517	am	2.47299435293	105	19982	7322001	188.491839778	273.642008817
SRR9224121	am	2.28345968613	92	26895	12264804	266.127648737	382.750059598
SRR9224289	am	2.53910774892	105	19761	8571409	187.719013449	301.023448204
SRR9224354	am	2.43186788901	87	18874	8363743	186.915709912	271.168793651
SRR9224122	am	2.35367010406	91	19242	10031174	179.671317398	288.041757574
SRR9224352	am	2.5752967359	101	15220	6360668	145.967729981	206.976028919
SRR9224350	am	3.0131460208	106	17324	7869802	166.962108005	250.665942854
SRR9224351	am	3.04401343114	112	19861	10076657	190.070394926	299.165826512
SRR9224281	am	2.44412205771	83	15371	7124718	146.401507833	227.0504639
SRR9224284	am	2.29689192848	81	13845	6266180	131.844651774	195.505140223
SRR9224285	am	2.33027654203	84	14305	6274037	139.032272516	212.845488436
SRR9224286	am	2.56737169575	106	22434	9398306	210.653568925	334.993983955
SRR9224287	am	2.20955940035	74	7742	3382760	70.2812084142	105.93149733
SRR9224360	am	2.28415894432	86	14503	6293056	135.737131272	216.888030713
SRR9224510	am	2.41590795656	92	17024	7207436	165.849041443	241.489220383
SRR9224217	am	2.7882705519	100	25766	10963947	252.383814936	359.685812579
SRR9224216	am	2.41120617074	78	17574	7579793	177.00898856	264.862804646
SRR9224214	am	2.38432134072	88	16073	7683939	158.314777724	242.362711517
SRR9224213	am	2.93036573421	91	10096	5040623	99.3419997506	143.861724758
SRR9224212	am	2.83510157734	92	15186	6914258	147.80058996	219.672763374
SRR9224211	am	2.14804832701	69	9930	4597716	96.8667443009	139.475612053
SRR9224210	am	2.29611053375	86	25428	11347203	250.298781109	378.536346784
SRR9224507	am	2.74922028365	86	20109	8833177	194.975739207	292.760608011
SRR9224054	am	3.02752958349	108	20975	11306270	200.401662986	308.824525886
SRR9224505	am	2.79128658514	92	13261	5970903	126.158767722	185.79166955
SRR9224504	am	2.42412531666	90	26839	11448176	264.855029059	397.050168351
SRR9224503	am	2.41199901906	80	23634	10342849	225.973347589	342.0331371
SRR9224502	am	1.81356761382	78	16194	6390409	160.051538346	231.628470199
SRR9224219	am	2.22997810727	76	22280	8528162	224.644739165	314.491356834
SRR9224218	am	2.56803502602	92	21518	8119997	212.878585971	299.813806494
SRR9224345	am	2.04663928062	80	10075	3650664	96.1702847515	138.34719279
SRR9224115	am	2.16827718272	69	6015	2699395	59.13248372	81.0453690532
SRR9224347	am	2.20173291517	81	17452	6340308	168.063821872	248.846142248
SRR9224117	am	2.09262843648	91	14187	6870417	135.120553362	207.343474746
SRR9224341	am	2.60420058905	86	11020	4579458	107.626668477	156.194058876
SRR9224340	am	2.97285588903	92	10561	5392899	101.885050278	157.362106487
SRR9224343	am	2.32073793273	94	24363	10539390	240.339251072	355.319433268
SRR9224342	am	2.8164665986	100	12891	6170527	122.483821014	180.238929821
SRR9224349	am	2.95504992043	107	12392	5184134	118.177886758	173.660570064
SRR9224348	am	2.20152356706	83	11774	4289601	111.558970369	166.103656571
SRR9224290	am	2.39148049164	87	11777	4295010	112.477149828	166.4856341
SRR9224532	am	2.2258346212	71	11834	5217404	117.151054528	165.231817704
SRR9224501	am	2.37492180796	59	4460	1882883	45.0377841637	57.578054495
SRR9224061	am	3.04801732812	100	17922	8169147	173.061020893	262.482342003
SRR9224062	am	2.71283796178	86	14264	6280019	135.76306587	199.889781796
SRR9224108	am	2.39261135414	80	14768	6218013	150.529108319	213.340168183
SRR9224064	am	2.67109585502	75	12305	5170589	119.333139279	177.767135596
SRR9224103	am	2.2956145056	68	8658	3479283	87.6422311993	125.128767732
SRR9224102	am	2.13895129359	84	21102	9138290	209.540859728	303.596417834
SRR9224101	am	2.26530546877	84	23337	9902841	232.390573578	328.215152169
SRR9224100	am	2.66014427039	94	15999	6913324	158.638908733	230.809151809
SRR9224107	am	2.27563797531	69	11781	4926967	121.076079639	165.482058204
SRR9224106	am	2.51192634152	86	23159	10080909	231.197705495	338.872421579
SRR9224105	am	2.65367932236	76	17180	6889005	172.496691875	249.215251868
SRR9224104	am	2.46238415195	76	17286	7205075	171.104742511	247.483941015
SRR9224260	am	2.23750656519	88	16051	7153717	156.919490851	228.760311706
SRR9224261	am	2.61248304835	87	11860	4353623	114.480780095	158.118776957
SRR9224266	am	2.24672480351	76	19481	8125740	197.226760347	279.192389448
SRR9224267	am	2.36194819102	87	19726	8392427	197.690456346	276.142446119
SRR9224264	am	2.11727785888	81	23415	8508534	226.485493723	339.800244311
SRR9224265	am	2.29241355696	81	18562	7715020	185.898435701	261.951973757
SRR9224268	am	2.23784692135	83	18689	8068685	190.060726227	265.567222715
SRR9224269	am	2.49402108889	92	17380	7760722	174.25492505	249.123145579
SRR9224500	am	2.30536600922	77	23487	9983015	235.943560675	346.583158285
SRR9224082	am	2.37408217782	91	11609	4908536	112.223421646	168.413228012
SRR9224083	am	2.63913419482	98	29780	13099945	286.691208284	445.8589831
SRR9224081	am	2.4946777682	104	11198	4900575	103.312227921	154.171463537
SRR9224086	am	2.41066072001	83	19585	8301174	182.330649556	290.054361827
SRR9224084	am	2.51251614969	82	12775	5810606	124.273382063	182.565785627
SRR9224085	am	2.67960504001	84	10914	4889637	100.080369642	154.051676402
SRR9224316	am	2.50018596051	106	19066	8477575	170.498710055	288.079573694
SRR9224078	am	2.31562027648	81	10371	4452293	100.893233673	146.759072575
SRR9224077	am	2.41982832774	79	9684	4261867	91.7935655529	140.179955502
SRR9224369	am	2.19615357314	93	20843	8128719	197.951597078	293.098970367
SRR9224368	am	3.13193350556	88	5017	2589168	43.360537043	58.9212103533
SRR9224367	am	2.39782227403	78	19851	8481007	199.148069054	287.967356146
SRR9224366	am	2.40589049102	94	25761	10815760	242.38700512	381.653651472
SRR9224365	am	2.3181615507	82	16230	7052253	149.91461403	238.845359876
SRR9224364	am	2.32335838687	86	13118	5911123	124.316231175	187.412276701
SRR9224363	am	2.34407452005	87	16906	7389994	162.452582715	246.604728239
SRR9224173	am	2.53708890335	92	22867	10020460	215.454563176	347.431473355
SRR9224361	am	2.68212943206	82	16487	7400058	163.401645821	238.786965702
SRR9224171	am	2.36042719843	93	27654	12231836	247.027548169	408.805067281
SRR9224271	am	2.33063187131	77	19267	8843804	192.833225344	281.028283392
SRR9224270	am	1.92966657791	86	20046	8587667	200.301744198	273.178796726
SRR9224272	am	2.1775247805	83	20343	8429032	201.376626484	297.990895407
SRR9224539	am	2.50635940505	90	13858	6520287	128.962654625	196.196976157
SRR9224531	am	2.47704916413	75	7952	3477248	76.5460589058	106.161537629
SRR9224099	am	2.47825092177	89	22174	9399217	221.118905264	314.679465569
SRR9224098	am	2.39186479925	83	19958	8271052	195.902625468	293.807636643
SRR9224097	am	2.70762190955	100	18364	7697633	175.012100495	262.370425089
SRR9224063	am	2.34089684042	80	18736	8500001	183.55574714	279.422183245
SRR9224499	am	2.49179904147	94	31496	12999347	313.45288725	448.604968533
SRR9224498	am	2.46659376418	82	27270	11052707	271.825240812	389.188049791
SRR9224495	am	2.41415560005	88	21907	9791785	222.321320291	328.317556222
SRR9224494	am	2.50264199887	89	19534	8512898	193.406416477	266.672227691
SRR9224497	am	2.86061750483	94	21865	9054879	220.645685319	308.980018823
SRR9224496	am	2.47872572848	79	18140	7972802	185.117456668	267.216326136
SRR9224491	am	2.24538145657	75	12176	5507764	110.802232124	176.867211989
SRR9224440	am	2.13744962432	82	19701	8633415	199.862278319	281.918356246
SRR9224493	am	2.13335555932	73	18228	7750090	183.359103093	259.750320498
SRR9224441	am	2.35004972323	96	28813	11267134	287.270255638	405.627628566
SRR9224529	am	2.58661590929	97	22704	10190219	216.130572051	340.718525004
SRR9224528	am	1.96597456578	74	11471	5150778	107.502050568	167.875770642
SRR9224244	am	2.22498087313	14	35	24917	0.309124447141	0.0
SRR9224245	am	2.25460159453	75	9927	4627750	90.1323587008	143.89022118
SRR9224246	am	2.58435165483	87	24591	10582407	241.878386522	362.137429312
SRR9224247	am	2.38556896881	83	13720	6074633	136.442687387	195.739600315
SRR9224243	am	2.53228772414	82	19328	8660882	184.784886661	281.857062689
SRR9224312	am	2.48057856384	84	16939	7643524	159.151573412	256.807091768
SRR9224248	am	2.76367844205	105	17736	7718276	170.286945923	246.928229655
SRR9224372	am	2.5513556879	80	11591	5146669	112.751601908	163.717393612
SRR9224315	am	2.48959368861	80	14156	6399226	130.815317314	205.386062751
SRR9224370	am	2.43836205451	91	26439	10711646	253.813616457	375.489835126
SRR9224431	am	2.73872075443	116	22214	9995295	213.352372703	313.601115379
SRR9224428	am	2.50826479864	78	11242	4942934	109.780348399	161.739567809
SRR9224429	am	2.29615590151	70	11706	5100831	110.95853349	170.860253349
SRR9224259	am	2.15011263784	75	10379	4584052	101.179749285	148.267310735
SRR9224156	am	1.94030543704	66	7634	3367915	74.0659407311	108.329727442
SRR9224511	am	2.53854401015	75	10440	4453434	102.612364014	145.143156921
SRR9224389	am	2.07319134516	79	14215	6314957	143.65427637	199.662550918
SRR9224344	am	2.32983128055	80	20130	8867319	190.659180865	306.864835795
SRR9224422	am	2.54921571843	84	10166	4630547	97.9360102769	149.74732684
SRR9224423	am	2.8322257167	88	13721	6496445	126.366291965	194.634951995
SRR9224424	am	2.4095726461	82	12031	5524814	112.30408179	171.362511039
SRR9224425	am	2.39785748879	79	11626	5257928	104.81532665	166.090359835
SRR9224426	am	2.5078535646	88	14284	5997513	133.032625054	207.683010301
SRR9224254	am	2.29050135095	72	7337	3170664	72.620204542	100.821288977
SRR9224542	am	2.4688012779	88	21679	9270404	205.422053131	312.160952466
SRR9224541	am	2.55787111532	83	21351	8571661	203.985929893	306.382740474
SRR9224540	am	2.45767490121	100	18300	8181126	167.553118058	268.336446969
SRR9224477	am	2.36441207786	84	13101	5757395	127.241858482	187.778705512
SRR9224359	am	2.14497204854	69	9016	3965951	79.7717370039	128.293097407
SRR9224476	am	2.26844558254	77	13212	5648319	128.823913035	180.295199459
SRR9224533	am	2.50636127167	76	17752	7530570	171.888033985	254.066468129
SRR9224475	am	2.27934713533	93	21673	9509110	207.382731009	307.921415085
SRR9224474	am	2.10914293439	79	23003	9136624	224.904906739	333.520014812
SRR9224146	am	2.31795895535	95	12687	5447172	120.576571355	190.064400836
SRR9224478	am	2.25647624875	82	11034	4757550	108.778382682	159.017657783
SRR9224509	am	2.41185276868	79	13395	5733463	132.143085435	192.796737469
SRR9224229	am	2.11114572232	57	8046	3456798	79.0946695603	111.78525901
SRR9224436	am	2.31174712551	88	21243	8551542	213.494469898	302.761703098
SRR9224224	am	2.43269104789	97	22281	10349775	206.70086156	332.383865947
SRR9224508	am	2.3930379771	68	7905	3384404	77.2116292618	111.202176903
SRR9224223	am	2.49788277364	86	20378	9343344	193.66988069	315.896328111
SRR9224220	am	2.24314415603	74	18896	8139768	192.232019791	273.743034447
SRR9224430	am	2.54392912499	88	16174	6915502	152.104575577	242.252323196
SRR9224536	am	2.21965141606	80	12108	4998526	118.899185086	166.576944579
SRR9224537	am	2.35299878909	93	14765	5833648	136.5141914	206.681467308
SRR9224534	am	2.22384175686	100	25013	10287844	242.886408595	345.156012729
SRR9224535	am	2.36346425845	82	10293	4290466	100.191387858	151.238769124
SRR9224338	am	2.65226201605	75	13066	5204119	126.019294718	179.064071001
SRR9224339	am	2.8858960321	97	15334	6322413	149.042186265	213.329741354
SRR9224530	am	2.30875338253	79	10264	4772155	90.3514766781	150.054597172
SRR9224421	am	2.50153856954	78	17059	7676535	166.757887736	249.801792609
SRR9224334	am	2.38313294471	79	14756	6096103	144.020568491	209.215738729
SRR9224335	am	2.93879747426	93	11408	5417184	104.750996325	160.124645528
SRR9224336	am	2.39242968331	76	12364	5447658	117.096463264	182.97951739
SRR9224337	am	2.26238138112	70	8568	3630066	83.4058052336	121.981895867
SRR9224330	am	2.54686058019	77	10163	4658320	99.0088563414	151.028915615
SRR9224331	am	2.95733233985	104	14897	7367781	141.538420434	217.689094111
SRR9224332	am	2.46063196806	87	27458	11846960	270.272926817	399.589928939
SRR9224333	am	2.73880077536	96	15433	6281860	146.625982544	214.810208303
